=~=~=~=~=~=~=~=~=~=~=~= PuTTY log 2026.02.23 18:26:55 =~=~=~=~=~=~=~=~=~=~=~=
VL53L1X Qwiic Test
Sensor online!
990
994
992
992
993
994
988
991
990
992
996
990
994
996
995
995
991
991
991
994
991
994
997
996
997
993
994
995
991
991
989
994
991
997
993
994
997
996
994
995
994
994
996
990
993
991
993
996
992
994
994
994
997
996
993
995
993
995
992
995
997
994
991
994
991
994
992
990
993
994
995
991
993
991
994
990
994
992
988
997
994
992
995
994
996
996
990
991
993
992
994
994
990
991
990
993
992
993
990
992
989
993
991
994
992
994
991
992
996
990
994
994
995
994
995
995
993
995
995
991
995
997
994
995
994
995
993
993
992
992
993
996
995
992
992
992
997
993
989
994
992
994
1000
993
993
996
993
992
996
993
995
995
995
991
992
994
992
993
995
997
994
992
993
994
994
993
996
993
993
993
990
989
992
997
994
995
993
995
994
993
993
996
990
994
997
995
994
992
993
995
993
994
994
992
993
993
994
992
991
996
994
993
994
993
990
994
995
992
995
996
995
999
994
992
991
994
994
995
999
993
992
991
992
992
996
990
995
990
995
992
996
995
997
993
994
992
994
992
995
993
994
994
999
990
994
993
995
997
994
994
996
993
995
992
994
992
994
996
998
994
998
992
992
998
993
993
993
995
994
988
993
992
994
992
994
992
994
993
998
994
998
996
994
996
995
996
995
993
994
995
994
992
991
997
994
993
994
993
994
997
994
993
993
994
992
989
991
993
993
997
994
995
995
994
994
994
997
997
996
994
993
994
991
994
996
995
993
995
993
990
995
995
991
996
996
997
992
992
997
990
996
993
993
991
998
995
990
996
993
993
996
996
997
993
993
997
995
992
996
997
993
996
996
995
993
992
992
989
992
994
993
994
990
994
997
996
993
993
994
996
995
992
994
990
992
996
992
995
991
993
998
997
995
996
995
994
996
993
991
995
997
989
996
994
992
994
992
990
993
995
993
992
994
993
997
992
997
994
993
994
997
995
992
992
992
992
996
992
997
993
996
996
995
994
994
995
994
994
993
991
995
995
997
994
992
996
997
994
992
994
993
990
991
991
996
994
997
993
990
991
997
995
992
991
995
994
994
994
992
993
994
995
995
994
994
991
995
994
9