=~=~=~=~=~=~=~=~=~=~=~= PuTTY log 2026.02.23 18:28:15 =~=~=~=~=~=~=~=~=~=~=~=
VL53L1X Qwiic Test
Sensor online!
1115
1119
1119
1122
1116
1121
1119
1127
1114
1123
1114
1120
1118
1122
1116
1125
1122
1120
1122
1115
1120
1127
1120
1124
1123
1119
1123
1119
1123
1120
1120
1120
1120
1124
1127
1122
1122
1115
1116
1123
1117
1119
1122
1117
1121
1124
1120
1118
1119
1126
1124
1122
1120
1120
1122
1119
1124
1118
1116
1119
1119
1120
1121
1118
1121
1120
1117
1126
1118
1119
1119
1119
1122
1118
1115
1121
1120
1116
1119
1118
1123
1122
1120
1120
1121
1119
1125
1116
1121
1124
1117
1118
1122
1121
1121
1122
1123
1117
1116
1118
1117
1125
1118
1115
1118
1119
1121
1120
1120
1118
1118
1119
1120
1120
1116
1120
1118
1119
1121
1117
1120
1121
1118
1118
1121
1119
1119
1120
1122
1119
1120
1120
1117
1121
1118
1120
1115
1118
1120
1122
1122
1115
1121
1117
1118
1122
1116
1120
1123
1113
1125
1116
1123
1118
1121
1118
1120
1120
1121
1123
1118
1124
1124
1119
1119
1118
1116
1122
1114
1118
1119
1120
1117
1121
1121
1119
1118
1119
1121
1122
1120
1122
1119
1118
1122
1115
1126
1122
1116
1123
1122
1121
1119
1119
1119
1113
1122
1121
1119
1125
1121
1122
1119
1117
1123
1116
1122
1118
1119
1122
1124
1125
1120
1117
1118
1116
1116
1115
1122
1121
1119
1122
1117
1120
1116
1114
1122
1119
1121
1118
1118
1114
1116
1119
1119
1126
1117
1121
1122
1116
1121
1119
1118
1119
1117
1119
1118
1122
1124
1120
1119
1121
1123
1122
1119
1118
1121
1120
1118
1116
1120
1125
1119
1118
1119
1115
1120
1116
1115
1120
1117
1124
1116
1121
1118
1115
1116
1125
1117
1123
1116
1125
1118
1119
1118
1119
1124
1121
1117
1120
1120
1117
1120
1119
1114
1122
1123
1124
1114
1121
1124
1121
1118
1122
1116
1119
1119
1123
1117
1117
1118
1120
1120
1117
1124
1120
1122
1123
1119
1117
1120
1120
1115
1123
1124
1116
1122
1120
1118
1126
1113
1119
1121
1117
1123
1120
1119
1118
1122
1117
1119
1120
1123
1118
1120
1123
1121
1118
1120
1118
1121
1125
1120
1119
1122
1118
1121
1120
1120
1121
1119
1119
1122
1117
1124
1119
1123
1120
1122
1113
1121
1115
1120
1115
1117
1122
1124
1123
1125
1121
1117
1119
1122
1120
1117
1122
1118
1117
1118
1117
1117
1119
1120
1118
1117
1121
1119
1119
1116
1121
1119
1122
1118
1120
1120
1120
1123
1120
1