=~=~=~=~=~=~=~=~=~=~=~= PuTTY log 2026.02.23 18:29:08 =~=~=~=~=~=~=~=~=~=~=~=
VL53L1X Qwiic Test
Sensor online!
1447
1458
1434
1435
1460
1458
1438
1445
1448
1450
1461
1444
1436
1466
1448
1457
1446
1447
1447
1456
1463
1434
1454
1446
1457
1449
1454
1441
1443
1448
1441
1460
1450
1447
1433
1450
1451
1442
1447
1433
1455
1459
1470
1459
1449
1443
1457
1455
1459
1441
1433
1458
1440
1462
1437
1433
1449
1444
1446
1450
1451
1453
1461
1431
1437
1448
1446
1445
1450
1453
1450
1450
1446
1442
1454
1441
1466
1438
1462
1448
1450
1456
1441
1431
1434
1442
1440
1443
1444
1454
1453
1444
1459
1461
1445
1459
1439
1443
1455
1445
1467
1445
1463
1439
1452
1442
1450
1449
1470
1434
1449
1452
1445
1440
1441
1438
1429
1438
1444
1446
1453
1459
1440
1446
1447
1446
1446
1447
1450
1450
1443
1438
1445
1434
1431
1455
1452
1458
1442
1445
1444
1455
1441
1447
1459
1448
1438
1435
1453
1447
1452
1453
1435
1456
1456
1448
1448
1462
1429
1442
1458
1454
1456
1446
1468
1449
1457
1446
1461
1446
1462
1479
1450
1473
1438
1456
1453
1455
1451
1462
1442
1446
1446
1449
1453
1447
1455
1447
1443
1443
1469
1457
1441
1465
1467
1440
1446
1452
1458
1447
1446
1455
1426
1454
1445
1456
1461
1452
1443
1451
1454
1443
1446
1432
1449
1457
1453
1453
1431
1442
1440
1441
1453
1450
1444
1441
1452
1466
1437
1440
1435
1439
1450
1450
1452
1432
1443
1458
1447
1448
1462
1440
1455
1452
1446
1453
1426
1446
1443
1448
1451
1450
1443
1420
1461
1438
1462
1452
1436
1438
1454
1464
1440
1454
1443
1448
1456
1481
1446
1448
1454
1463
1444
1464
1462
1441
1440
1458
1451
1441
1458
1441
1445
1467
1454
1455
1447
1446
1437
1437
1445
1430
1450
1453
1453
1443
1446
1439
1448
1460
1454
1449
1429
1439
1435
1458
1450
1445
1461
1464
1443
1453
1453
1456
1454
1455
1455
1447
1439
1440
1445
1448
1451
1448
1436
1443
1455
1468
1442
1454
1440
1450
1456
1439
1441
1434
1438
1443
1448
1465
1449
1444
1444
1468
1451
1448
1434
1438
1460
1444
1449
1436
1442
1457
1440
1443
1451
1440
1436
1454
1440
1453
1445
1437
1452
1447
1439
1442
1456
1459
1443
1450
1457
1452
1441
1445
1441
1456
1445
1446
1443
1420
1455
1444
1451
1442
1444
1443
1463
1445
1439
1442
1448
1453
1439
1461
1448
1456
1439
1465
1431
1447
1440
1435
1433
1450
1440
1445
1443
1462
1436
1450
1440
1438
1460
1461
1444
1448
1450
1447
1446
1443
1435
1452
1447
1447
1439
1446
1457
1449
1446
1444
1449
1423
1452
1441
1460
1449
1466
1448
1438
1455
1452
1451
1432
1448
1424
1433
1444
1455
1438
1446
1445
1436
1436
1445
1449
1428
1461
1448
1443
1457
1446
1444
1462
1444
1461
1449
1450
1438
1447
1433
1445
1422
1444
1448
1445
1448
1471
1466
1451
1454
1458
1448
1460
1437
1444
1436
1428
1436
1435
1442
1437
1455
1451
1453
1437
1439
1448
1474
1450
1438
1440
1474
1449
1436
1454
1450
1468
1460
1453
1447
1442
1445
1439
1464
1450
1425
1434
1464
1441
1452
1449
1445
1439
1458
1458
1458
1444
1452
1445
1438
1433
1447
1451
1441
1449
1444
1459
1454
1451
1452
1439
1451
1448
1450
1463
1440
1446
1451
1458
1430
1442
1460
1443
1447
1441
1455
1448
1442
1435
1450
1443
1448
1458
1446
1434
1465
1439
1445
1445
1436
1442
1443
1447
1444
1452
1440
1430
1454
1414
1447
1452
1455
1433
1460
1448
1452
1444
1443
1445
1449
1437
1447
1446
1464
1463
1462
1464
1447
1445
1446
1448
1447
1435
1447
1449
1455
1436
1451
1440
1437
1459
1447
1470
1446
1445
1442
1443
1444
1477
1453
1452
1454
1440
1431
1465
1445
1450
1447
1451
1464
1433
1443
1435
1446
1447
1448
1453
1452
1443
1446
1442
1426
1448
1444
1459
1434
1444
1445
1439
1446
1460
1439
1451
1428
1446
1459
1422
1428
1463
1460
1446
1440
1448
1441
1456
1437
1446
1454
1456
1446
1453
1458
1447
1452
1439
1450
1455
1446
1440
1449
1451
1447
1454
1430
1447
1452
1455
1449
1425
1439
1444
1448
1443
1437
1456
1447
1446
1450
1468
1438
1437
1437
1459
1445
1448
1455
1455
1437
1449
1453
1458
1451
1448
1442
1446
1452
1435
1439
1437
1458
1445
1459
1452
1445
1435
1445
1450
1456
1451
1460
1452
1455
1441
1435
1450
1463
1451
1465
1439
1476
1436
1440
1441
1440
1455
1434
1455
1458
1446
1452
1439
1448
1473
1435
1464
1462
1441
1436
1453
1456
1456
1453
1430
1452
1451
1452
1452
1443
1445
1450
1450
1473
1448
1451
1449
1431
1458
1453
1435
1463
1455
1448
1463
1444
1453
1440
1450
1448
1443
1444
1453
1443
1455
1445
1455
1452
1443
1447
1430
1442
1449
1449
1446
1436
1444
1444
1452
1457
1460
1459
1469
1448
1446
1451
1456
1453
1444
1454
1440
1449
1459
1465
1424
1458
1452
1459
1456
1452
1449
1454
1446
1454
1447
1458
1430
1463
1434
1447
1446
1446
1446
1447
1444
1448
1437
1448
1463
1440
1435
1444
1431
1471
1451
1452
1451
1447
1453
1439
1442
1453
1464
1443
1440
1446
1450
1447
1