=~=~=~=~=~=~=~=~=~=~=~= PuTTY log 2026.02.23 18:21:08 =~=~=~=~=~=~=~=~=~=~=~=
VL53L1X Qwiic Test
Sensor online!
269
268
267
268
268
267
267
267
267
267
267
267
267
268
268
266
269
269
268
267
268
268
268
267
268
267
268
268
269
270
267
266
266
267
268
269
269
268
267
268
266
268
265
268
267
267
269
269
268
267
267
266
268
268
267
266
267
265
268
267
269
268
268
266
267
267
267
268
265
267
268
268
267
267
269
267
266
267
267
266
267
268
269
268
267
266
267
266
266
267
269
266
269
266
268
265
269
267
267
268
267
268
269
267
268
268
267
268
269
268
267
267
269
266
268
268
269
266
268
266
268
267
268
268
268
268
268
267
267
267
267
269
268
267
268
267
268
267
268
268
265
266
267
268
267
269
268
267
269
269
269
269
266
267
267
269
268
270
267
267
267
268
268
268
269
269
267
265
268
267
267
268
268
268
267
267
268
267
265
268
268
268
269
268
267
267
268
268
269
269
268
267
268
267
268
268
266
266
268
269
267
268
268
269
268
266
268
268
266
268
267
267
267
268
266
267
267
267
268
267
266
268
267
268
267
268
268
268
267
269
268
269
267
269
268
268
269
268
269
268
267
267
268
265
268
268
267
269
266
268
268
267
268
267
268
267
267
266
267
265
268
267
268
268
266
268
267
269
268
268
266
268
266
266
268
267
267
269
265
268
267
267
268
269
268
268
267
268
266
268
267