=~=~=~=~=~=~=~=~=~=~=~= PuTTY log 2026.02.23 18:23:16 =~=~=~=~=~=~=~=~=~=~=~=
VL53L1X Qwiic Test
Sensor online!
520
522
520
520
523
521
520
520
522
523
521
521
522
522
519
521
520
521
521
520
522
519
521
519
519
520
521
521
520
520
520
521
519
521
521
522
519
522
522
520
521
520
518
521
522
519
521
521
522
520
521
519
520
521
520
521
521
522
521
519
520
522
521
520
520
519
522
521
521
520
521
522
521
520
520
522
521
521
521
519
520
522
519
521
521
522
521
519
520
520
521
521
521
520
521
519
520
520
522
521
520
521
522
522
521
521
520
519
521
522
521
521
523
521
520
521
520
521
521
522
520
521
521
522
521
521
521
519
521
520
520
521
520
520
520
522
521
520
522
519
521
520
522
521
518
520
521
519
519
521
520
522
517
520
520
521
522
519
520
519
521
521
519
520
521
520
522
520
522
521
520
519
520
521
518
520
519
521
521
521
520
521
520
519
521
520
521
518
521
520
521
521
521
520
520
521
519
521
521
521
520
520
521
521
520
522
520
522
519
521
522
521
521
522
521
521
521
519
520
520
522
520
520
520
520
519
519
520
521
521
5