=~=~=~=~=~=~=~=~=~=~=~= PuTTY log 2026.02.23 18:24:02 =~=~=~=~=~=~=~=~=~=~=~=
VL53L1X Qwiic Test
Sensor online!
643
643
641
643
643
643
643
640
641
642
643
642
644
643
641
642
641
640
642
643
643
642
642
642
642
643
643
643
641
642
641
643
644
644
641
645
642
643
641
644
643
642
642
642
643
643
642
642
642
643
643
641
645
643
642
641
643
640
643
642
640
643
643
640
642
642
643
644
643
642
643
643
643
640
643
641
643
641
643
644
644
642
643
642
642
642
644
643
640
640
643
642
641
642
644
642
642
641
641
643
642
643
643
642
641
642
643
642
644
642
640
643
642
642
642
642
644
644
642
643
643
643
643
641
643
643
643
643
642
643
642
644
643
642
643
643
644
642
642
641
643
643
642
641
642
643
643
643
641
643
642
645
643
642
642
643
640
641
642
644
642
641
642
643
641
644
641
641
644
643
643
640
642
640
642
640
642
641
644
643
642
642
641
643
642
641
643
642
642
643
641
643
641
642
641
643
641
641
642
641
643
643
642
644
642
643
642
644
643
642
641
642
642
643
641
642
643
645
642
644
643
641
641
643
640
644
642
641
640
643
641
643
642
642
642
641
642
641
643
642
643
642
644
642
644
643
641
641
641
640
642
644
642
643
644
644
645
641
642
643
643
644
643
642
645
642
643
643
643
642
643
643
643
643
641
642
643
641
642
643
642
640
642
642
643
643
643
643
643
643
641
644
643
643
642
641
642
643
642
643
641
645
645
642
641
642
643
643
644
643
642
642
642
640
641
643
643
644
643
642
642
642
641
641
642
643
642
644
642
643
642
642
642
640
642
642
640
642
642
641
640
642
642
642
642
642
642
644
642
646
643
643
642
641
642
642
643
643
643
642
641
6