=~=~=~=~=~=~=~=~=~=~=~= PuTTY log 2026.02.23 18:25:15 =~=~=~=~=~=~=~=~=~=~=~=
755
VL53L1X Qwiic Test
Sensor online!
756
756
757
758
755
754
757
755
756
754
755
754
756
755
757
756
755
755
756
755
755
754
757
755
755
755
754
754
754
756
755
754
754
754
755
756
756
756
754
757
756
755
755
754
755
755
755
754
753
756
755
755
755
756
753
756
757
757
756
755
755
757
757
755
754
755
755
755
756
756
757
755
757
754
756
755
754
757
758
753
754
754
757
756
754
753
756
756
756
755
756
757
757
756
755
755
755
756
757
755
756
755
758
755
759
756
754
754
757
754
756
754
755
757
758
755
757
756
755
752
755
757
757
756
755
757
755
758
754
756
757
755
757
752
755
757
755
756
755
756
754
754
754
755
751
758
754
755
755
756
755
755
756
754
756
758
755
757
755
756
754
755
756
757
755
756
755
755
754
756
756
754
754
757
755
754
757
758
755
756
756
757
756
755
755
755
754
754
754
755
755
756
753
757
757
753
756
759
755
754
755
754
756
753
756
755
755
756
752
756
754
756
755
755
754
757
756
755
754
755
755
755
755
754
756
754
757
756
756
755
755
756
756
756
756
757
755
755
754
758
755
756
755
754
755
755
756
753
754
755
756
757
755
756
755
756
757
755
754
758
754
755
755
756
756
754
756
753
753
756
755
755
756
755
755
757
754
754
756
756
755
754
756
752
757
754
756
757
758
754
756
755
752
756
757
755
755
756
753
754
755
7