=~=~=~=~=~=~=~=~=~=~=~= PuTTY log 2026.02.23 18:26:06 =~=~=~=~=~=~=~=~=~=~=~=
VL53L1X Qwiic Test
Sensor online!
878
878
875
878
878
875
877
874
879
878
875
879
878
878
876
878
877
875
875
873
876
877
876
876
878
876
875
877
878
876
874
875
876
876
874
877
876
876
878
877
875
879
876
877
877
878
874
878
877
876
875
875
875
876
877
873
877
876
876
874
879
875
878
877
877
873
879
875
875
875
876
874
878
876
877
877
877
878
878
876
876
874
875
875
874
876
876
880
876
873
879
878
875
875
877
877
875
878
875
879
878
875
874
878
874
876
876
877
878
876
875
876
879
878
878
875
876
878
875
877
879
875
878
875
877
877
876
878
874
876
877
879
875
876
875
874
877
874
877
876
875
879
875
878
876
878
876
879
878
874
877
875
874
873
878
877
878
877
878
873
874
875
877
874
878
875
878
875
877
877
875
878
877
877
877
880
876
877
877
875
877
876
875
873
876
875
877
879
877
879
877
875
875
876
875
876
877
877
875
877
877
879
875
877
875
876
876
874
879
876
877
878
876
878
874
878
875
876
877
874
879
875
873
877
875
874
875
876
876
875
877
874
877
873
875
876
875
876
878
878
878
878
876
876
876
876
875
876
877
878
874
875
873
879
876
874
878
876
876
877
876
876
875
876
875
877
876
875
877
874
877
877
877
875
878
877
875
876
878
876
875
878
876
877
876
879
878
878
876
875
875
877
876
878
875
876
878
875
878
875
876
875
877
875
877
878
875
877
877
879
877
876
875
875
877
877
875
878
876
874
878
877
875
880
876
876
876
878
878
878
878
8